high-pass filter coefficients:

h(0) = 0.058409462000842

h(1) = -0.223538321390117

h(2) = 0.330475971342675

h(3) = -0.223538321390117

h(4) = 0.058409462000842